1709.142211914062 2721.0380859375 1971.095825195312 2561.125732421875 2407.043212890625 2877.158203125 3544.535888671875 2590.093505859375 2342.07177734375 2139.483154296875
1729.26025390625 2688.92626953125 1959.550537109375 2487.871826171875 2391.1435546875 2960.74658203125 3561.150634765625 2638.308349609375 2358.248046875 2145.0078125
1779.07080078125 2473.21142578125 1948.87158203125 2368.35400390625 2366.821044921875 2815.775390625 3625.99755859375 2715.016845703125 2380.1767578125 2152.75048828125
1695.7470703125 2274.3369140625 1938.948974609375 2222.41162109375 2327.411376953125 2651.2294921875 3576.707275390625 2795.7802734375 2402.52490234375 2157.936767578125
1643.311645507812 2135.301513671875 1929.340209960938 2128.58837890625 2296.989990234375 2568.96826171875 3502.795654296875 2896.61572265625 2421.98681640625 2169.756591796875
1647.708251953125 1993.184936523438 1918.868530273438 2094.5 2294.50830078125 2542.05419921875 3353.05419921875 2959.990966796875 2431.90869140625 2188.339599609375
1653.781494140625 1893.57373046875 1908.177368164062 2081.275390625 2292.85400390625 2535.6044921875 3247.388427734375 3054.806884765625 2432.106689453125 2202.870849609375
1662.369384765625 1767.18994140625 1900.714721679688 2067.7001953125 2291.364501953125 2528.537109375 3170.802978515625 3160.986328125 2427.294189453125 2216.793701171875
1661.054809570312 1711.871215820312 1893.749877929688 2053.453125 2281.95361328125 2519.25830078125 3088.307861328125 3209.23388671875 2427.358642578125 2227.61083984375
1644.882568359375 1685.511962890625 1887.6591796875 2045.76513671875 2255.018798828125 2521.140380859375 3006.254638671875 3240.08935546875 2439.521240234375 2234.955078125
1615.119262695312 1673.533447265625 1878.231079101562 2037.951049804688 2239.9287109375 2506.8974609375 2993.89892578125 3231.290283203125 2461.3564453125 2245.939697265625
1617.001953125 1674.643432617188 1880.977172851562 2032.555786132812 2232.5732421875 2487.42724609375 2959.84814453125 3221.51904296875 2483.863525390625 2257.15478515625
1615.392333984375 1678.341064453125 1906.511352539062 2026.625244140625 2215.898681640625 2506.24365234375 2956.790771484375 3285.966064453125 2506.62451171875 2274.740234375
1617.244018554688 1677.567260742188 2012.807739257812 2015.288208007812 2210.93310546875 2543.85986328125 3001.814453125 3281.2900390625 2527.5791015625 2289.64990234375
1625.451416015625 1676.019653320312 2171.95166015625 1996.912475585938 2192.4951171875 2556.08056640625 3008.36669921875 3270.72998046875 2547.505859375 2306.567138671875