1718.07470703125 1934.01025390625 1989.1083984375 2020.2578125 1920.166015625 1945.739379882812 1942.486572265625 1777.819213867188 2050.50244140625 1952.386474609375 1679.672729492188 1599.165771484375 1633.348388671875
1813.376342773438 1925.226806640625 2079.8115234375 2066.817138671875 2012.3876953125 2063.139892578125 1963.061279296875 1939.313110351562 2115.735595703125 2013.911865234375 1697.082275390625 1698.85546875 1743.47021484375
1910.709228515625 1999.704467773438 2134.648681640625 2102.478759765625 2091.6357421875 2143.973876953125 2001.194702148438 2117.585205078125 2183.4306640625 1990.156372070312 1849.598754882812 1781.594970703125 1850.320190429688
1971.83837890625 2027.110717773438 2252.18310546875 2223.494873046875 2218.65673828125 2290.892333984375 2091.350830078125 2225.763671875 2220.623046875 2058.430908203125 1961.213989257812 1966.641235351562 2040.8232421875
2118.138427734375 2190.015869140625 2302.32958984375 2329.66259765625 2357.829833984375 2375.62109375 2253.804443359375 2291.163818359375 2270.554931640625 2178.802001953125 2062.81298828125 2076.646484375 1993.47216796875
2207.57470703125 2270.229248046875 2373.57763671875 2420.03271484375 2432.731689453125 2512.687744140625 2448.92333984375 2421.62939453125 2361.792724609375 2242.523193359375 2160.3837890625 2127.982421875 2010.697021484375
2237.7490234375 2339.670166015625 2443.015869140625 2495.654052734375 2559.504638671875 2692.927490234375 2586.229736328125 2658.29296875 2425.4169921875 2329.40283203125 2250.024169921875 2185.933837890625 2058.3876953125
2274.9892578125 2379.675048828125 2481.550537109375 2570.924072265625 2655.681884765625 2876.03076171875 2690.546630859375 2833.1611328125 2542.46923828125 2423.55908203125 2431.802734375 2281.198486328125 2122.650634765625
2296.294189453125 2415.138916015625 2537.088134765625 2641.8271484375 2733.059814453125 2820.40478515625 2814.21142578125 2975.52099609375 2703.054443359375 2614.843994140625 2522.02294921875 2352.70458984375 2186.100830078125
2302.077392578125 2410.689453125 2555.577392578125 2693.001220703125 2808.601318359375 2917.927978515625 3059.662841796875 3194.556396484375 2892.645263671875 2845.28466796875 2502.70654296875 2317.27685546875 2234.55810546875
2242.824951171875 2382.59033203125 2533.40087890625 2673.640869140625 2864.601806640625 3034.767822265625 3172.14794921875 3271.2607421875 3092.79541015625 2757.652099609375 2480.95849609375 2342.711181640625 2356.419677734375
2224.520263671875 2335.54541015625 2520.305419921875 2681.117431640625 2897.7744140625 3140.68896484375 3223.654296875 3237.757080078125 2988.18896484375 2732.259765625 2450.79150390625 2314.9130859375 2193.49365234375
2215.015869140625 2318.021728515625 2560.996337890625 2722.5400390625 2902.927978515625 3085.56298828125 3184.939697265625 3172.990234375 2892.48681640625 2693.87890625 2470.761962890625 2315.56591796875 2143.728759765625
2238.84423828125 2375.5771484375 2552.068603515625 2674.85986328125 2826.171630859375 2873.765869140625 2944.305419921875 2971.337646484375 2751.769775390625 2691.432373046875 2519.1240234375 2356.196533203125 2187.610107421875
2183.50634765625 2318.319091796875 2497.559814453125 2590.67431640625 2677.93408203125 2731.265380859375 2790.98095703125 2832.634033203125 2655.9794921875 2563.2587890625 2517.533447265625 2353.4033203125 2170.8662109375
2298.564453125 2415.062744140625 2409.564453125 2459.719970703125 2589.3388671875 2639.823486328125 2685.136962890625 2726.048828125 2545.81298828125 2414.072998046875 2413.23046875 2337.4453125 2130.144287109375
2207.095703125 2297.222412109375 2267.91064453125 2380.46484375 2437.638671875 2555.8291015625 2579.72802734375 2597.809814453125 2473.65966796875 2343.16845703125 2310.67236328125 2295.0146484375 2114.104736328125
2161.68408203125 2139.868896484375 2142.789794921875 2301.60498046875 2353.65283203125 2447.557861328125 2472.979248046875 2512.16259765625 2476.01025390625 2312.473876953125 2249.995849609375 2187.91796875 2150.9765625
2001.578002929688 2094.47314453125 2067.161865234375 2220.554443359375 2220.005615234375 2350.88818359375 2394.48388671875 2458.569580078125 2489.356689453125 2333.742919921875 2164.10595703125 2091.594970703125 2127.187255859375
1901.87353515625 1993.175903320312 2075.4765625 2099.64453125 2118.80126953125 2242.78125 2328.001708984375 2408.059326171875 2412.201171875 2319.143798828125 2130.3232421875 2071.00048828125 2073.156005859375