1919.62353515625 1567.792114257812 1160.7294921875 811.3536987304688 738.533935546875 1018.544677734375 869.8553466796875 1176.918090820312 640.4517211914062 674.5615234375 898.5650024414062 1176.06982421875 1724.578979492188 1508.793579101562
1932.056762695312 1596.389404296875 1178.982177734375 832.7991943359375 709.34716796875 1054.631103515625 846.4580688476562 1165.096435546875 644.864501953125 710.951416015625 975.8098754882812 1091.031860351562 1703.83203125 1532.546020507812
1943.006958007812 1603.099243164062 1188.147705078125 850.5010986328125 690.8970336914062 1042.916625976562 826.3329467773438 1156.187622070312 624.1298828125 815.1084594726562 1065.80126953125 1031.333984375 1674.009643554688 1548.8095703125
1962.6318359375 1619.4423828125 1194.061889648438 871.7617797851562 731.2782592773438 1045.633056640625 813.1199340820312 1160.450561523438 712.5211791992188 872.9783325195312 1127.455444335938 910.7093505859375 1612.232666015625 1595.1123046875
1996.66455078125 1618.262084960938 1196.9599609375 888.5276489257812 725.5856323242188 1056.395874023438 780.2468872070312 1178.836059570312 771.4590454101562 906.4491577148438 1105.425170898438 818.1998901367188 1560.922119140625 1643.506225585938
2056.38232421875 1621.826416015625 1212.677490234375 910.4052124023438 745.10546875 1057.8759765625 778.477294921875 1139.70654296875 808.6651611328125 912.1904907226562 1132.370239257812 779.5917358398438 1462.001831054688 1722.772583007812
2095.916015625 1625.000244140625 1234.249389648438 943.6314086914062 760.9724731445312 1052.600341796875 780.7745971679688 1122.180053710938 864.1939697265625 1005.044189453125 1101.340209960938 750.4987182617188 1409.974975585938 1753.099243164062
2110.93505859375 1655.802124023438 1263.64111328125 936.4491577148438 750.1140747070312 1049.61083984375 792.0816650390625 1028.670043945312 932.9719848632812 1022.168762207031 1065.140380859375 695.1522827148438 1385.84765625 1737.997924804688
2126.8544921875 1689.86279296875 1278.2734375 943.5152587890625 743.2474365234375 1036.5087890625 783.4636840820312 981.8467407226562 999.3034057617188 1032.8447265625 1040.857421875 677.8847045898438 1368.35546875 1687.044067382812
2154.018798828125 1713.83935546875 1283.770751953125 947.7868041992188 736.1156005859375 1006.401489257812 792.4284057617188 921.653564453125 1017.733764648438 1035.45751953125 995.8104858398438 634.8624877929688 1354.492797851562 1629.81689453125
2204.2119140625 1740.782104492188 1297.892456054688 963.4508056640625 732.9404296875 974.8121948242188 742.9248046875 859.1029663085938 1028.213012695312 1032.556274414062 941.8993530273438 571.6040649414062 1355.055541992188 1639.923950195312
2295.75390625 1787.728881835938 1321.302978515625 967.8633422851562 746.61474609375 947.056640625 678.7841796875 911.4176025390625 1032.252075195312 1014.96826171875 878.7066040039062 548.9909057617188 1376.925048828125 1637.682250976562
2396.0146484375 1814.2841796875 1353.60107421875 976.65869140625 767.6506958007812 884.9517822265625 686.8758544921875 1003.317687988281 1033.962036132812 957.7786865234375 794.8565673828125 547.1275634765625 1489.980712890625 1642.219970703125
2431.7392578125 1849.582763671875 1378.4921875 1022.233276367188 774.4893188476562 853.7124633789062 688.7405395507812 1038.757934570312 1034.275024414062 903.1785278320312 706.0191040039062 633.3801879882812 1359.42822265625 1604.595947265625
2478.7236328125 1863.421630859375 1398.053588867188 1077.007690429688 772.578369140625 813.1431884765625 631.9435424804688 1058.350463867188 1050.334594726562 830.175048828125 674.0809936523438 691.59423828125 1250.51611328125 1658.703491210938
2489.54833984375 1895.4326171875 1430.414428710938 1129.520385742188 780.3544311523438 788.5046997070312 676.218994140625 1051.454467773438 1081.0712890625 768.5315551757812 617.6812133789062 698.1522827148438 1160.488037109375 1734.925170898438
2513.40625 1887.622802734375 1477.496459960938 1159.850952148438 779.8038940429688 786.064208984375 689.4555053710938 983.3999633789062 1093.720825195312 702.9832763671875 560.4279174804688 687.6263427734375 1149.327392578125 1836.607055664062
2512.41552734375 1933.04150390625 1514.881591796875 1153.145385742188 785.7796630859375 811.7496948242188 738.6259765625 936.2756958007812 1120.683959960938 622.2894287109375 514.9510498046875 724.6347045898438 1129.214965820312 1777.572631835938
2556.09814453125 1930.817260742188 1549.983154296875 1144.0751953125 777.2305297851562 816.262451171875 770.504638671875 927.3148803710938 1150.150512695312 589.4959716796875 505.4017944335938 785.4701538085938 1227.22900390625 1671.239135742188
2610.28564453125 1964.530517578125 1588.859985351562 1154.730712890625 774.95361328125 827.7557373046875 785.4470825195312 933.54443359375 1163.790161132812 558.2706909179688 599.974609375 852.3973388671875 1261.038208007812 1679.306396484375